250 2 10 100 1
0.808634 -0.588312 9
0.99587 -0.0907948 9
0.932909 -0.360112 9
0.533859 0.845574 9
0.704019 -0.710181 9
0.90178 -0.432194 8
0.855334 0.518077 8
0.856961 -0.515381 8
0.824969 -0.565177 8
0.96386 -0.266411 8
0.508333 -0.86116 1
0.691541 -0.722337 0
0.522587 0.852586 0
0.582975 0.81249 0
0.981236 0.19281 1
0.928302 0.371826 0
0.892004 -0.452027 4
0.958989 0.283444 0
0.576763 0.816912 0
0.597055 -0.8022 1
0.57654 0.817069 1
0.904802 -0.425833 0
0.534068 0.845442 1
0.774315 -0.632801 1
0.602946 0.797782 1
0.794739 0.606951 1
0.513096 -0.858331 1
0.953631 -0.300978 1
0.814185 -0.580606 0
0.899684 -0.436542 0
0.877224 0.480081 3
0.542093 -0.840319 0
0.842645 0.53847 0
0.887594 -0.460627 0
0.74724 -0.664555 0
0.534891 -0.844921 0
0.905364 0.424636 1
0.812999 0.582265 1
0.938185 -0.346134 0
0.414642 0.909985 1
0.831227 0.555933 1
0.999405 -0.0345021 1
0.77039 -0.637573 1
0.813682 0.58131 0
0.533641 0.845711 1
0.72538 -0.688349 0
0.46979 -0.882778 0
0.924093 0.382168 0
0.46964 0.882858 1
0.985095 -0.172011 1
0.651673 -0.7585 0
0.559503 0.828828 0
0.541748 -0.840541 0
0.955755 0.294162 0
0.802207 0.597045 0
0.986573 0.163322 0
0.999998 0.00180835 1
0.998958 -0.0456288 1
0.998857 -0.0478087 0
0.767122 -0.641501 2
0.619187 0.785244 0
0.757237 0.65314 1
0.868612 0.495493 0
0.769245 -0.638954 0
0.922334 -0.386392 1
0.800579 -0.599228 0
0.953298 -0.302032 0
0.908843 -0.417139 0
0.740649 0.671892 1
0.524406 -0.851468 1
0.812108 -0.583508 1
0.625822 0.779966 0
0.397531 0.917589 1
0.685916 0.72768 5
0.80625 -0.591574 1
0.891944 0.452147 2
0.935436 -0.353496 1
0.950938 0.309381 2
0.989879 0.141912 1
0.495441 0.868641 1
0.647996 -0.761644 0
0.668404 0.743799 0
0.989119 -0.147117 0
0.523202 -0.852209 0
0.677318 0.73569 0
0.640194 0.768213 1
0.871851 -0.489771 0
0.960237 -0.279186 0
0.644138 0.764909 0
0.988292 -0.152575 0
0.813794 -0.581153 1
0.874726 0.484618 0
0.889656 -0.456631 1
0.632161 0.774837 1
0.987366 -0.158458 0
0.778421 0.627742 1
0.999354 -0.0359278 2
0.828065 -0.560632 3
0.668282 0.743908 1
0.931732 -0.363147 1
0.816763 0.576974 0
0.984479 0.175503 1
0.999407 -0.0344209 1
0.786832 -0.617168 1
0.550901 -0.834571 0
0.986108 0.166105 0
0.92016 0.391543 1
0.58066 -0.814146 1
0.948245 -0.31754 3
0.84388 -0.536532 0
0.994277 0.10683 1
0.823037 -0.567988 0
0.998739 -0.0502004 0
0.678631 -0.73448 1
0.669286 -0.743005 0
0.575813 -0.817582 0
0.974006 -0.226524 1
0.886407 0.462908 0
0.952432 -0.304751 1
0.47919 -0.877711 1
0.9612 -0.275853 0
0.974727 -0.223397 0
0.851571 -0.524239 1
0.863376 0.504561 0
0.688304 0.725422 1
0.490858 0.87124 1
0.43538 -0.900247 1
0.729737 -0.683728 0
0.471802 0.881704 0
0.900575 -0.4347 0
0.704773 0.709433 0
0.984095 -0.177644 0
0.603421 0.797422 1
0.472243 0.881468 1
0.705181 -0.709027 0
0.738914 -0.6738 0
0.78692 -0.617055 1
0.793894 0.608056 0
0.595396 0.803433 1
0.856769 -0.5157 0
0.893875 -0.448317 0
0.970848 -0.239695 0
0.918722 0.394904 1
0.971554 -0.236819 0
0.429644 -0.902999 0
0.980346 0.197286 0
0.921565 0.388224 0
0.526113 -0.850415 0
0.689974 0.723834 0
0.950197 -0.311649 0
0.842167 -0.539217 1
0.883169 0.469055 0
0.779545 0.626346 0
0.790224 -0.612819 1
0.923666 -0.383198 0
0.765191 -0.643804 0
0.933516 0.358536 1
0.80192 -0.597432 1
0.717254 -0.696812 1
0.992115 -0.125328 2
0.609534 0.79276 0
0.67202 0.740533 1
0.999443 -0.0333811 0
0.456255 -0.889849 1
0.998689 -0.0511833 0
0.999995 0.00302747 1
0.947851 -0.318715 1
0.99702 0.0771382 1
0.998131 0.0611143 0
0.803544 -0.595245 0
0.746397 0.6655 1
0.888796 -0.458304 0
0.710938 -0.703255 0
0.525803 -0.850606 1
0.568327 -0.822803 0
0.583916 -0.811814 1
0.971384 -0.237513 1
0.555064 0.831808 0
0.839598 -0.543208 0
0.475514 -0.879708 0
0.917397 -0.397973 1
0.559553 -0.828795 0
0.99295 0.118531 1
0.559727 -0.828677 0
0.925248 -0.379362 0
0.862938 0.50531 0
0.881253 -0.472644 1
0.989539 -0.144269 1
0.657863 -0.753137 0
0.58053 0.814239 1
0.523092 0.852276 0
0.997336 -0.0729511 0
0.537238 0.843431 0
0.994994 -0.0999304 0
0.507051 -0.861916 1
0.979045 0.203646 1
0.940217 0.340575 1
0.858258 -0.513218 1
0.750225 0.661183 0
0.843489 -0.537146 0
0.735548 0.677473 1
0.810516 0.585717 0
0.398637 0.917109 0
0.801347 0.598199 1
0.655996 -0.754764 0
0.985672 0.168675 0
0.836861 -0.547415 0
0.695686 -0.718346 0
0.61077 -0.791808 1
0.98638 0.164484 0
0.709547 0.704658 1
0.873198 0.487365 1
0.931622 0.363428 1
0.942151 -0.33519 1
0.45213 -0.891952 0
0.441017 0.897499 1
1 -0.000380421 0
0.575239 -0.817985 1
0.973093 0.230411 0
0.609295 -0.792944 0
0.632473 -0.774582 0
0.553563 0.832807 1
0.498107 0.867115 0
0.701338 0.712829 0
0.649079 0.760721 1
0.735441 -0.677589 0
0.92654 0.376197 1
0.780676 0.624936 1
0.921385 -0.388652 0
0.669767 0.742572 0
0.466798 0.884364 0
0.999561 -0.0296287 1
0.462884 0.886419 0
0.953314 0.30198 0
0.720516 0.693438 1
0.842196 0.539172 0
0.667835 0.74431 1
0.682825 -0.730582 0
0.823625 -0.567134 1
0.929101 0.369825 1
0.80802 0.589155 1
0.944196 -0.329383 0
0.734209 -0.678923 0
0.633352 -0.773864 1
0.829551 0.558431 1
0.693832 0.720137 0
0.636173 0.771546 2
0.880855 0.473385 1
0.850339 0.526235 2
0.583575 0.812059 0
