1000 2 10 100 1
1 9.4 9
2 9.4 9
3 9.4 9
4 9.4 9
4 9.4 9
1 4 8
1 11 8
2 3 8
3 7 8
4 3 8
1.8 3.8 1
2.8 6.6 0
2 5.4 0
2.2 6.8 0
3.4 6.6 1
2.4 6.4 0
1.8 3 4
2.2 7 0
3.2 7.8 0
2.6 7.6 1
2.4 10.2 1
1.8 7.2 0
2.6 7 1
2.8 6 1
2 8.2 1
2.8 6.8 1
2 5.4 1
1.8 6.4 1
2.8 7.4 0
2 7.4 0
2.8 10.6 3
2.8 8.6 0
1.8 5.4 0
2.6 6.6 0
2.4 6.4 0
3.4 7.4 0
2.6 4.2 1
2.2 6.6 1
3.2 8 0
2 7.8 1
2 5 1
2.4 7 1
3 4.8 1
2.2 6 0
2.8 9.2 1
1.8 6.8 0
2.6 4.8 0
2.8 7.2 0
3.2 8.8 1
2.8 4 1
2.8 7.8 0
2.2 6.8 0
3.2 4.6 0
2 7 0
2.6 5.6 0
3.2 5.6 0
2.4 10 1
2.8 7.6 1
1.8 7.4 0
2.4 8.6 2
3.2 5.2 0
2.8 8.2 1
1.6 5.8 0
3 7.4 0
2.8 4.8 1
3 6.6 0
3.2 4.6 0
2.2 5 0
2.8 5.8 1
2.8 5.8 1
2.8 6.8 1
3.2 6.8 0
2.6 8.2 1
4 4.4 5
3.2 6.8 1
2.8 4.6 2
2.6 8 1
2.6 9.4 2
1.4 6.8 1
1.8 6.4 1
3 7.8 0
2.6 7 0
3 10.2 0
2.2 7.6 0
2.2 7.2 0
3.4 8 1
1.6 8 0
2.4 7.6 0
3.4 8.8 0
2.2 5.4 0
2.4 4.8 1
2 7.2 0
2.4 4 1
3.6 9.2 1
3 8 0
2.2 9.8 1
2.2 8.4 2
2.4 6.8 3
2.6 8.2 1
2.4 8.8 1
2.4 5.2 0
1.8 10.2 1
2.8 8.2 1
3 5.2 1
3 7.2 0
2.8 8.6 0
2.4 6.8 1
2.8 6.4 1
3 8.8 3
2.6 8.8 0
3.2 7.8 1
2.8 8.2 0
3.2 7.6 0
2.4 7.4 1
1.6 8.8 0
2 6 0
2.8 10.8 1
2.6 8 0
3.2 5.6 1
2.4 8.2 1
2.6 4.8 0
2.2 5.8 0
2.4 7.4 1
2.8 8 0
2.2 8 1
2.6 7.4 1
2.8 5.2 1
2.2 8 0
2.8 9.8 0
2.4 10.2 0
3.6 6.8 0
2.6 7 0
2.2 6 1
2.8 9.4 1
2.4 8.6 0
2.6 6.6 0
2.6 6.6 1
3.2 7.6 0
2.6 9.6 1
2.2 6 0
3.2 4.2 0
3.4 5.4 0
2.4 6.8 1
2 7.2 0
2 5.4 0
3.2 5 0
3 9.6 0
2.4 6.8 0
1.8 9 0
3.4 5.8 0
2.6 8.6 1
2.8 5 0
2.8 8.6 0
2.8 8 1
2.4 8.2 0
3 6 0
2.4 5 1
2.4 6.4 1
1.8 5.6 1
2 9 2
2.8 9 0
2.2 7.4 1
2 6.4 0
2.4 7.8 1
2.4 5.8 0
2.4 6.8 1
2 7.4 1
2.4 6.2 1
3 7.6 0
2.8 5.6 0
2.2 7.8 1
3.4 5.2 0
1.8 8.6 0
2.4 6.4 1
2.8 7 0
3 6.8 1
2.8 7.6 1
2 7.8 0
2.8 4.4 0
2 6.6 0
2.4 5.6 1
3.2 6.6 0
2 8.4 1
3.8 8.6 0
2.2 5 0
1.8 8.4 0
2.6 6.8 1
1.6 8 1
2.8 6.6 0
3 6.2 1
2.8 9 0
2.6 5.6 0
2 5.8 0
2.4 8.8 0
2.4 7.6 1
2.4 5.8 1
3.2 4.8 1
2.8 5.6 1
3.2 5.2 0
3 6.6 0
2.6 6.4 1
2.8 8.2 0
2.6 7 0
2.4 10 1
3.2 4.8 0
3.4 7.6 0
2.8 6.8 0
1.6 5.8 0
2.4 8 1
3 8.8 0
2 10.8 1
2.8 6.6 1
2.6 7.2 1
2.8 3.2 1
3 7.4 0
1.8 6.2 1
3 9.6 0
2.6 8.4 1
2.2 7.8 0
2.6 6.8 0
2.2 9.4 0
2.2 7.4 1
1.2 7 0
2.8 8.8 0
2.4 8 1
2.4 8.2 0
3 9 1
2.2 7.8 1
2.4 7.4 0
2.6 8.6 0
1.6 8.2 0
1.6 3.4 1
2.4 7 0
2.4 5.6 0
1.8 7.8 1
2.6 8.8 0
2.2 4.2 1
3.6 6 0
2.2 5.6 1
2.4 6.4 1
2 9.2 1
2.8 5.8 0
3 4.4 0
2.4 6.6 1
2.4 7 1
2.4 7 0
2.4 9.6 2
2.6 9 1
2 11.4 2
2.4 6.8 0
2.8 5.8 0
2.8 7.2 2
2.4 6.8 1
3.8 7.2 1
2.6 6.4 0
2.4 5.4 1
2.8 7.6 1
3 7 1
2.6 8.6 1
2.6 6.8 0
2.2 6.6 0
2.4 5.4 0
2.8 5.2 0
2 10.2 1
3 7.4 1
1.6 5.2 0
2.2 5.4 0
1.8 7 0
1.8 6.2 0
2 5 1
3.2 7 0
2.2 5.4 1
1.8 9.8 1
2.4 9 1
2.8 6.2 1
2 8 1
2.6 4.6 1
2.8 8 0
2.6 8 1
2.4 7.2 0
2.8 7.6 1
2.6 5.4 1
1.4 7.8 1
2.8 7 0
2.2 4.4 1
2.2 6 1
2.6 7.8 1
2.8 6 1
3.2 7.2 2
3.6 6.6 0
2.4 8.2 0
3.8 5.6 0
3.2 9.4 0
2 9 0
3 8.6 0
1.8 8 1
3 9 1
3 5.8 0
2.6 4 1
3.2 6.2 1
2.2 11.6 3
2.8 6.8 0
3 4.6 1
2.4 6.4 0
2.6 6.2 0
3.4 7.8 0
2.2 6.6 0
2.4 8.6 1
2.4 9 1
2.6 6.4 1
3 9.2 0
2.8 6 0
2 8.6 1
3 7 0
2.2 7.2 0
2 8.2 1
2.4 6.2 1
1.8 7.6 1
1.8 7.2 0
2 10.6 1
2.4 5.8 0
2.8 4.8 0
3.2 6.6 0
2 5 0
2.8 10 1
2.6 7 0
1.4 4.2 2
2 5.6 0
1.6 7.8 0
2.8 10.8 3
1.8 8 0
1.6 8.4 0
2 4.2 0
3 6.6 0
3 6.4 0
2.6 9.8 2
3 5 0
3 7.6 1
2.2 7.4 3
2.2 7.6 0
2.8 6.8 1
3.2 7.4 2
1.4 6.8 1
3 6.8 0
2.4 8.8 1
2.2 6.2 1
2.6 9 1
2.4 9.4 3
2.8 2.8 1
2.6 6.6 0
2 9.4 1
1.6 7.4 0
3.4 5.4 0
2.8 8.8 0
2.4 6.4 0
3.4 8.4 1
2.6 9.2 1
3 10.6 1
1.8 7.8 1
3.2 6.8 0
2 3.8 1
2 7.8 1
2.4 6 1
2.6 7.6 1
2.6 6 2
3.2 6.8 0
3 6.2 0
2.2 7 0
3 11 3
1.8 4.2 1
3.2 8.8 0
2.6 5.8 0
3 6.8 0
2.4 8.6 1
2.8 8.4 0
3 9 1
3.6 7.8 1
3.2 6.8 1
3.2 7.8 1
3.2 7 1
2 5.4 2
3.4 5.4 1
2.4 8.6 1
2.6 7.2 3
2.6 4 0
2 4.6 0
2.4 6.6 0
2.8 8.4 0
3.4 4.8 0
3.2 9.4 1
2.6 9.4 0
2 8.4 0
2.8 6.4 1
2 6.2 1
2.2 8.2 1
2.6 4.6 1
1.8 10 1
2.8 8.4 0
2.6 7.6 0
3.2 8.2 0
2.8 7.8 0
2.8 5.8 1
2.6 11 4
1.8 7.8 1
2.8 6.4 0
1.8 7.2 0
2.2 7 0
2.4 7 0
3 8.6 1
2.8 3.4 1
2.4 7.2 0
2.8 7.2 2
2.6 7.2 0
2.4 6.6 0
2.2 7.4 1
2.4 5.2 0
2.6 7.4 0
1.8 7.6 0
2 7.2 0
2.8 5.4 1
3 7.4 2
2.2 6.6 0
3 8 1
2.6 6.2 0
2 5.4 0
1.8 5 6
2.2 6.6 1
2.2 9 0
2.6 6.4 0
2.6 8.6 1
1.8 6.4 1
2.6 5.2 0
2.6 7.4 1
2.6 6 0
1.6 7.8 0
1.6 8.2 1
2.6 8.2 1
3 7.6 0
3 5.2 0
2.4 5 0
3.4 7.6 1
1.6 7.4 0
2.4 3.6 0
2.6 8.4 1
1.8 4.2 1
2.2 8.8 1
3 4 3
3.2 6.6 0
1.2 3.6 1
2.8 9.4 3
3 8 2
2.6 5.8 0
2.4 7.6 0
3.2 5.8 0
2 8 2
2.8 6.2 0
2.6 8.6 1
2.6 3.4 1
2.4 7.2 1
2.2 5.4 0
2 6.8 0
2.2 8.6 0
2 4.8 0
1.6 10 0
2.8 8 0
2.6 6.6 1
2.4 9.2 1
3.2 4.2 0
2.2 7.6 0
2.6 7.4 2
2.4 9.4 1
2.2 5.4 0
2.2 6.8 1
2 6.4 0
2.2 7.6 0
1.8 6.8 0
2.6 3.2 3
2.2 5 0
2.6 10.6 3
3 8.6 0
3.2 8.2 0
1.4 5.8 1
2 8 1
2.8 5 3
2.2 7.4 1
2.8 8.6 0
2.6 3.2 1
1.8 6.6 1
2.4 6 0
2.4 6.4 0
3 4.8 1
2.2 6.4 1
2.2 9.4 3
2 7.4 0
3.4 7.6 1
3 9.6 2
2.2 6.6 1
2.6 8.6 1
2.8 6.6 0
1.8 5.8 1
1.8 8.8 1
2.2 7.2 0
2.2 5.6 0
2.4 8 0
3 6.8 2
2.8 10.4 1
3.4 5.8 0
2.8 7.6 1
2.4 6 0
2 8.2 0
2.6 8 0
2.4 9.6 2
2.4 7.8 1
2.2 2.8 6
2.8 8 1
2.8 7.8 0
1.8 9 0
2.4 6 0
2.4 9.2 0
2.2 10.8 1
2.6 7.6 1
2.6 7.4 0
3.4 5.6 0
2.8 10.6 2
3 6.8 0
2.8 8.4 0
2.4 8.2 0
3.4 6.6 1
3 8.2 1
2.6 5.8 0
2.4 8.6 1
2.6 8 1
2.6 6.4 1
2.4 8 0
2.6 6 1
3 8 1
2.6 9 0
2.2 7.2 1
2.4 4.8 0
2 6.6 1
2.6 7.2 0
2.6 7.8 1
2.2 4.6 0
2.4 6.4 0
2.8 7.6 0
2.8 6.6 0
2.2 6.6 2
2.8 6.6 0
3 6 0
3 8.4 0
3 8.6 0
2.6 8 1
2 8.2 2
2.2 6.2 0
2.6 4.6 1
2.2 7.6 1
2.8 5.2 0
2.4 6.6 0
2.8 6.2 1
2.6 7 0
2.6 6.2 0
2.8 8.2 1
1.8 10.4 1
2.8 7.2 0
2 9.4 1
1.6 5.8 1
2.6 4.8 1
2.2 6.4 1
2.6 8.4 1
3.2 8 0
2.2 6.6 0
2.4 9.8 1
1.6 5.2 0
1.8 4 1
2.2 4.4 0
2 8.4 1
2.6 6.6 1
2.4 8.2 0
2.2 8.6 0
2.8 8.4 1
3 6.4 0
2.6 7 0
2.4 8 1
2.8 6.6 0
2.6 7.8 1
2.2 4.6 1
2.6 6.4 0
2.8 6 1
2.2 6 0
1.8 9.2 1
2.6 6.8 0
3.2 5.8 0
2.6 8.4 0
2.4 8 1
2.8 7.2 1
3 7.2 1
2.2 6.8 0
2.2 7.2 0
2.6 5.4 1
3 8 0
2.4 7.6 0
3.2 6 0
2.6 8.6 0
3 8 1
2.8 5.8 0
2.4 7.8 1
2.6 8 1
2.8 8.4 1
2.6 7.6 1
2.6 7.4 0
2.6 8.8 1
2.8 9 0
2.6 6.6 0
3 7.8 1
2.6 7.6 1
2.2 6.6 0
2.6 3.4 1
2.4 7.4 0
2.6 6 0
2 5.8 0
2.2 9.4 1
2.6 8 0
2.2 7.6 1
3.2 5 0
2 8 0
3.4 7.2 0
2.2 6.8 0
2.8 4.8 2
2.8 7 0
2.8 8.6 0
2.8 9.6 1
2.2 5 1
2.6 6 0
3 7.2 0
2.6 6.4 1
1.8 7.2 0
2.8 8.4 0
2.2 7 0
1.4 8.6 0
2.6 10.2 2
2.6 6.6 1
1.4 7.2 1
2 9.4 1
2 6 0
1.8 4 1
2 9.2 0
2.2 8 1
1.4 8.4 0
2.2 8 3
2.8 6.8 1
2.6 8.4 1
2.8 6.4 0
3 7.8 0
2.8 6.4 0
2.4 10.6 3
2.4 5.6 0
2.8 7.4 0
1.6 7.4 0
3.2 7.4 1
1.8 6.8 1
4 4.6 5
1.6 7.4 1
2.4 8.6 0
2.4 8 0
2.4 5.2 0
2.6 5.8 1
3.8 6.6 0
2.2 9.2 1
2.2 4.4 1
1.6 8.8 0
2 7.4 0
2 9 1
2.4 9.6 1
2.4 6 1
2 4.8 1
2 5.6 0
2.8 7.8 0
2.4 10 0
3 6.6 0
2.4 7 0
2.8 7.2 1
3 5 0
2 8.4 1
2.6 9.2 1
2.8 8.6 1
2.8 7 1
3.4 9.4 1
2 6.6 2
2 10.4 1
2 6.8 0
3 7.4 2
3 6.4 0
2.8 8.8 1
2.4 8.6 0
2.4 6.8 1
2.2 4.8 1
2 7.2 1
2.6 8.2 0
4 5.2 5
3 9.2 1
2.6 6.4 0
2.2 7.2 0
1.8 7.8 0
2.4 4.6 1
2.6 9 1
2.2 11 1
2.6 10 1
2.2 2.8 1
2.8 7.4 0
1.8 7.4 1
2.6 8.4 0
2.4 6.6 0
2.4 8.6 1
3 8.8 1
2.2 6.4 1
2.6 7.8 1
2.2 6.4 1
2.2 5 0
3 6.8 1
2.8 9 0
2 3.4 0
2.6 3.8 1
2.6 4.6 0
1.8 6.8 0
2.8 7.8 0
1.8 5.4 0
3 7.4 2
2.8 5.8 0
1.8 7.6 1
2.6 6.6 1
2.8 5.4 1
2.6 6.6 1
2 7 0
2.6 7.6 0
2.4 5.8 0
2.2 9.8 0
2.2 8.6 1
2.8 7 0
2.4 4 1
1.4 10 1
2.6 7.4 0
2 8 0
1.8 7.6 1
1.8 7 0
3 8.2 1
2.6 5.8 0
2 7.6 1
1.8 5.8 1
2.2 9 1
3.2 7.2 0
2.6 4.6 1
2.8 3.8 1
3.2 5.6 1
2.6 8.6 1
2.6 6 1
2.8 10.2 0
2.2 4.6 0
3 7.4 0
2.2 6.4 0
3 6.6 0
2.8 6 0
2.2 7.2 1
2 4.6 0
2 7.4 0
2.8 7.4 0
3 8 1
2.2 6.4 1
2 6 0
2.2 5.4 1
3 9 4
2.8 7.2 1
2.6 7 0
1.4 4 1
3.6 6.8 0
1.8 7 1
2.6 7 0
2.2 7.8 0
2.4 8.4 0
3.4 7.4 1
2.2 4.2 1
2.4 4.6 2
2.4 4.2 1
2.6 6 1
2.4 6.8 0
2.8 7.6 0
2.2 5.8 1
2.4 6.2 1
2.4 6.2 0
2.8 8.4 0
2.8 9.8 1
2.6 6.6 1
3.2 8 0
3 7.2 0
2.8 6.6 1
2.2 9.6 1
2.4 6.6 1
2.2 7.4 1
3 7.4 1
2.4 5.8 0
2.4 8.8 0
2.8 5.6 1
2.6 5.4 1
2.8 4.8 0
1.6 7.2 0
2.2 6.6 3
2.2 5.8 1
2.4 4.8 0
2.4 5.4 0
2.4 5 1
1.8 5.2 0
2.8 6.4 1
2.8 6.8 0
2.4 6.2 0
2.8 7.4 2
2 6.6 5
2.2 6.6 0
2 8 2
1.6 9.6 0
3 7.6 0
2.4 6.2 0
2.4 4.8 1
2 8.6 1
3 9.2 0
3 7.4 0
2 5.6 0
3.2 4.2 0
2.2 7.8 0
2.2 3 3
2.4 9.2 1
3 6 1
3 9 1
3.2 9.8 1
2.4 7 2
2.4 10 1
2.6 6 0
2.4 7 0
3 7.8 2
2 8.6 0
2.4 9 1
2.6 9.6 1
2.2 8 0
2.2 5.4 0
2 5 0
2.6 6.8 1
2.8 6 0
2.2 7.4 0
3.6 10 0
2.8 7.2 0
2.4 6.2 1
2.6 7.8 0
2.6 4 4
2.8 3.4 1
2.6 4.4 1
3.4 7 1
2.4 7.2 0
2 6.6 1
2.4 6.4 1
2 8.6 0
2.6 6.6 0
2.4 4.8 0
2.6 6.8 0
2.6 9.6 1
2.6 8 0
1.8 7.6 0
2.6 5.8 0
2.2 8.4 2
2.8 8.4 0
1.8 6.8 0
2 7.2 0
3 6.2 0
2.6 7.6 0
3.2 5.6 0
2.6 10.2 1
2.8 4.2 1
2.2 4.2 0
2.6 10.6 0
1.6 7.6 1
2.4 6 0
2.4 8.8 0
2.4 7.8 0
2.2 9 1
1.8 7.8 1
2.6 7 1
2.4 7.6 0
1.6 5.4 0
1.8 6.2 0
2.2 8.4 0
2.6 5.8 1
2.6 7.4 2
3.2 7.2 1
2.2 10 0
2.6 7.6 0
2 6.6 1
3.2 10 1
1.8 5.6 0
3 6.4 0
2 5.6 0
1.4 8 0
3.2 10.4 0
2.8 6.6 1
3 7.8 1
2.6 6.8 2
2.2 6.8 1
3 9.2 0
2.2 7.8 2
2.8 5.2 1
3 7.8 0
2.2 7.6 0
2 6.4 0
2.8 9 1
2.4 3.8 1
2.2 6.4 0
2.8 6.6 2
2.2 7.2 1
2.4 5.6 0
2.4 6 1
3.2 8.6 1
2.6 9 0
2.4 8.2 0
2 8.8 0
2.4 6.8 1
2.4 6 0
1 6.6 5
2.4 7.8 0
1.6 9.4 1
2.6 11.4 1
2.4 4.2 0
2 7 0
2.6 6.2 0
2.2 6.6 0
2.6 6.4 1
2.8 10.2 1
2.2 7.2 0
3 7.4 0
3.8 5.4 0
2.6 6.6 1
2.6 5.2 1
2.6 4.8 1
2.8 4.2 1
2.2 7 1
2.6 6.2 1
3.4 8.4 1
2.6 6.8 1
2.4 6.8 1
2.2 6 0
3 4.8 0
2.6 7.2 0
2.6 8.2 2
2.4 11.4 1
2.4 9 0
2.8 8.2 0
2 4.2 1
2.8 8 0
2.8 6 1
2.8 6 2
3.2 6.8 1
2.2 7.8 0
2.8 4.8 0
2.4 4.2 1
2.8 5.4 1
2.2 9.6 1
2.6 8.4 1
3.2 6 0
2.6 7.2 1
2.4 7.2 0
2.8 6.2 0
1.6 7.2 0
3.4 9.2 1
3.2 6.2 1
2.6 7.6 1
2.4 5.4 2
2.2 6.4 1
2.4 6.2 0
2.6 7.2 0
2.8 9 0
2.8 5 0
4 8.4 5
2.4 7.8 1
2.2 7.8 0
3.2 6.4 0
2.6 7.6 1
2.8 5.8 0
3.2 8 1
2.2 6 1
2.2 6.2 1
3.2 7.2 0
3.2 7.2 0
2.8 6.4 0
2.8 6.4 1
2.6 6 1
3 8.2 5
1.8 5.8 0
2.4 7.6 1
2.2 9.8 0
2.8 8.8 0
2 9.8 1
2.4 8.8 1
2.4 9.2 1
1.8 4.8 0
2 8.4 1