#
0.823529
0.930796
0.995929
0.999761
0.764692
0.809688
$
0.843137
#
0.764706
0.809689
0.812335
0.81249
0.812499
0.871324
0.757137
0.809243
0.753485
0.867852
0.815756
0.812692
0.871335
0.815961
0.812704
0.753688
0.750217
$
0.761246
#
0.588235
0.622837
0.624873
0.801463
$
0.632353
#
0.647059
0.567474
0.562793
0.621341
0.624785
0.624987
$
0.578431
#
0.588235
0.681661
0.687156
0.68748
0.687499
0.569853
0.739403
0.63173
0.684219
0.746131
0.690949
0.628879
0.566405
0.680377
0.569434
0.562908
0.621348
0.801256
0.753015
0.573707
$
0.620588
#
0.588235
0.681661
0.74598
0.69094
0.628879
0.742875
0.690757
0.746515
0.749795
0.749988
$
0.664706
#
0.882353
0.875432
0.992673
0.999569
$
0.897059
#
0.705882
0.747405
0.749847
0.749991
0.749999
0.75
0.808824
0.812284
0.812487
0.812499
0.694853
0.746756
0.690986
0.687705
$
0.710084
#
0.588235
0.681661
0.687156
0.68748
0.687499
0.628676
0.68404
0.628473
0.742851
0.631932
$
0.629412
#
0.823529
0.930796
1.11358
1.00668
1.00039
1.00002
1.17647
1.18685
0.893344
1.05255
$
0.964706
