#
0.706816
1.06041
$
0.706909
#
0.706815
1.05872
1.23397
$
0.705578
#
0.706579
1.05989
1.23652
1.32486
1.3691
1.39122
$
0.706614
#
0.00573949
0.00860924
0.0100441
0.0110251
0.010596
0.0110375
0.0112583
0.0158766
0.0416308
0.0519699
0.042721
0.046256
0.054283
0.043878
0.0386755
0.0579487
0.0601289
$
0.017112
#
0.70558
1.05837
1.23477
1.32329
1.36722
$
0.705646
#
-0.101146
-0.217502
-0.279351
-0.30282
-0.252569
-0.201607
-0.188451
-0.194484
-0.260386
-0.21784
-0.224147
-0.205052
-0.273142
-0.298008
-0.318332
-0.260325
-0.214344
-0.268609
$
-0.126298
#
0.703386
1.05584
1.2313
1.3198
1.36328
1.38579
1.39704
1.40267
1.40472
1.40575
1.40626
1.40727
1.40702
1.4069
1.40683
1.4068
$
0.703671
#
0.558805
0.836893
0.972683
1.09868
1.10683
1.08592
1.12308
1.09007
1.09927
1.11077
1.14282
1.1289
1.12481
1.12121
1.17294
1.17081
1.20721
1.13213
1.09459
1.1061
1.10944
1.04305
1.00122
1.07732
1.09746
$
0.55821
#
0.70283
1.05217
1.22752
1.31656
1.35618
1.37885
$
0.70108
#
0.232448
0.332399
0.403676
$
0.2287
