#
2.55
3.1875
3.34687
3.36172
3.41543
3.52886
3.55721
3.5643
3.49108
3.54777
3.43694
3.38424
3.52106
3.55526
3.36382
3.46595
3.56649
$
2.60441
#
2.85
3.5125
3.87812
3.71953
3.80488
3.67622
3.74406
$
2.83214
#
4.2
5.475
5.69375
5.94844
5.86211
5.81553
5.75388
5.88847
5.84712
5.91178
5.82794
5.75699
5.96425
6.04106
6.06027
$
4.40333
#
3.9
5.05
5.1625
5.39062
5.19766
5.27441
5.1686
5.06715
5.16679
4.8917
5.14792
5.08698
4.97175
5.09294
5.22323
5.15581
5.28895
5.09724
5.14931
5.08733
4.94683
5.06171
5.19043
5.24761
5.2369
5.20923
5.17731
5.24433
5.41108
5.22777
5.03194
4.98299
5.17075
$
3.87348
#
2.375
2.94375
3.08594
3.19648
3.02412
3.15603
3.11401
2.9035
3.17588
3.21897
3.22974
3.20744
3.20186
3.20046
3.02512
2.85628
2.98907
3.12227
3.13057
3.13264
$
2.3375
#
4.525
5.95625
6.06406
6.36602
6.6915
6.54788
6.43697
6.15924
5.93981
6.03495
6.53374
6.40843
$
4.7375
#
3.3
4.1
3.925
3.85625
4.31406
4.35352
4.28838
4.27209
4.21802
4.37951
3.99488
3.92372
4.38093
$
3.15962
#
3.525
4.45625
4.76406
4.49102
4.77275
4.59319
4.6983
4.57457
4.74364
4.68591
4.59648
4.54912
4.58728
4.67182
4.84295
4.68574
4.74643
$
3.51029
#
2.65
3.1625
3.36562
3.44141
3.53535
3.68384
$
2.63333
#
4.075
5.21875
5.52969
5.63242
5.33311
5.48328
5.57082
5.5927
5.42318
5.53079
$
4.1425
