#
4.6
3.26
5.026
4.6026
4.16026
5.61603
5.3616
4.43616
5.24362
5.12436
4.51244
5.25124
5.12512
5.91251
4.99125
5.19912
4.91991
5.39199
4.1392
5.61392
5.66139
4.26614
4.82661
4.98266
5.49827
5.94983
5.29498
5.1295
3.01295
$
4.45172
#
4.6
5.46
5.046
5.6046
4.16046
3.81605
5.9816
4.09816
5.00982
5.30098
5.3301
4.13301
5.0133
3.70133
5.67013
4.26701
5.0267
4.80267
4.48027
5.94803
6.4948
4.94948
5.19495
6.01949
5.00195
6.0002
5.30002
$
4.56667
#
5.1
5.01
4.601
5.6601
4.46601
4.5466
5.75466
6.27547
5.22755
4.72275
5.47228
4.24723
5.12472
6.21247
4.72125
4.57212
5.35721
6.13572
6.41357
5.24136
4.62414
6.46241
5.34624
4.63462
5.06346
$
4.736
#
6.2
6.92
6.092
6.7092
6.57092
6.45709
6.24571
5.72457
5.97246
6.29725
5.52972
6.25297
5.5253
5.35253
6.03525
6.10353
6.51035
6.65104
5.3651
4.53651
5.25365
4.22537
$
5.35909
#
5.4
7.24
6.724
5.9724
6.69724
5.66972
5.76697
5.3767
6.03767
6.10377
6.31038
5.93104
6.9931
6.79931
5.57993
6.55799
7.0558
7.00558
5.40056
5.34006
6.53401
7.3534
6.73534
$
5.68696
#
3.6
2.86
2.786
3.7786
2.77786
3.67779
4.46778
4.54678
4.95468
4.69547
4.06955
4.50695
4.4507
4.64507
4.66451
5.26645
5.02664
3.50266
4.05027
4.80503
5.0805
4.20805
4.22081
4.62208
4.16221
4.51622
4.85162
4.58516
4.15852
4.31585
4.13159
4.71316
$
3.85938
#
5.7
5.97
7.197
5.6197
6.16197
6.6162
6.56162
6.15616
5.21562
6.12156
5.41216
5.34122
5.23412
5.42341
5.74234
6.77423
5.27742
5.22774
6.82277
5.28228
6.82823
5.48282
6.84828
7.38483
6.73848
$
5.468
#
3.7
5.47
4.947
4.3947
4.73947
5.47395
5.64739
4.56474
4.15647
5.51565
5.45156
5.54516
4.55452
5.75545
4.47554
4.74755
5.97476
4.79748
5.97975
4.89797
5.6898
$
4.59048
#
5.4
5.34
5.534
5.0534
4.30534
4.23053
4.42305
5.44231
5.94423
5.59442
4.45944
5.24594
5.52459
4.55246
5.15525
5.01552
4.90155
4.89015
5.08902
3.7089
4.67089
4.56709
$
4.48182
#
5.2
7.22
6.422
6.8422
5.88422
5.98842
6.09884
7.40988
6.04099
5.5041
5.65041
5.76504
5.4765
6.74765
5.87476
6.38748
5.03875
5.40387
5.84039
5.78404
6.1784
6.11784
5.61178
5.86118
$
5.4375
