#
0.650064
0.946249
1.13812
1.22219
1.23605
1.24819
1.27994
1.29679
1.30329
1.29767
1.28923
1.29214
1.29744
1.27637
1.28765
1.24558
1.21413
1.27911
1.22837
1.20121
$
0.635775
#
0.689717
1.03244
1.21395
1.30382
1.34871
1.36411
1.38242
1.35352
1.36644
1.35947
1.3739
1.38917
1.39748
1.3563
1.38495
1.37451
1.39336
1.40318
1.4058
1.40742
1.40721
1.4097
1.41171
1.38691
1.37021
1.39221
1.39652
1.37512
1.38697
1.40039
1.40134
1.40695
1.39691
1.39584
1.3856
1.38314
1.34944
1.38182
1.36017
1.37327
1.36925
1.39171
1.40075
1.40655
1.37885
1.36408
1.38811
1.40104
1.40438
1.40001
$
0.693768
#
0.406542
0.62113
0.725019
0.73625
0.74379
0.775121
0.753137
0.743936
0.738903
0.790453
0.817861
0.842324
0.868694
0.886885
0.905635
$
0.40871
#
0.259712
0.397827
0.469148
0.507517
0.520125
0.546461
0.564201
0.566393
0.579222
0.593091
0.603952
0.617329
0.623232
0.63089
0.641772
0.646519
0.6471
0.664075
0.674711
0.68608
$
0.303136
#
-0.219911
-0.286369
-0.245757
-0.295496
-0.296861
-0.303446
-0.358217
-0.328505
-0.327783
-0.328395
-0.306033
-0.269759
-0.255764
-0.327143
-0.396005
-0.43468
-0.379491
-0.406542
-0.365673
-0.310074
-0.268986
-0.33659
-0.302916
-0.285933
-0.320399
-0.250719
-0.246732
-0.215191
$
-0.158653
#
0.129896
0.181737
0.205169
0.218905
0.243169
0.249109
0.2528
0.236561
0.218956
0.216816
0.210652
0.209476
0.18957
0.179717
0.178561
0.160038
0.146427
0.136024
0.133158
0.127272
0.208359
0.252375
0.277662
0.292505
0.299424
$
0.109075
#
0.680281
1.02685
1.19548
1.28171
1.32498
1.35078
1.37623
1.36677
1.37394
1.3846
1.38588
1.39044
1.39484
1.37709
1.39163
1.39268
1.371
1.38647
1.36935
1.38762
1.39193
1.39574
1.40067
1.39102
1.3941
1.39104
1.37264
1.39151
1.40202
1.40696
1.40918
1.4111
1.41253
$
0.693812
#
0.529623
0.747263
0.948579
0.975193
0.964261
0.957655
1.04472
1.00407
1.08203
1.02351
1.08786
1.09448
1.02151
0.993786
0.970646
0.986834
1.0305
1.07099
1.11267
1.13177
1.06569
1.01781
$
0.519983
#
-0.003081
-0.0169385
0.0328733
0.0349521
-0.0104484
0.0177803
0.00696712
0.0360406
0.0282413
0.0179622
-0.00234893
0.0277515
-0.0100027
0.0226416
-0.0255387
-0.0661829
-0.0899154
-0.0925947
-0.0956814
-0.118895
-0.129704
$
-0.013472
#
0.17079
0.276435
0.301883
0.321476
0.333258
0.370934
0.39895
0.415988
0.42324
0.431608
0.438583
0.450863
0.458369
0.463977
0.471473
0.481589
$
0.209094
