#
-0.091435
-0.161438
-0.191667
-0.219472
-0.220179
-0.227375
-0.231055
-0.22823
-0.220989
-0.22132
-0.203209
-0.209585
-0.219099
-0.231904
-0.192088
-0.189174
-0.207616
-0.205385
-0.17782
-0.189051
-0.225522
-0.189932
-0.171884
-0.179915
-0.187616
-0.19938
-0.210791
-0.21144
-0.208659
-0.189821
-0.172987
-0.19732
-0.221253
-0.209018
-0.215335
-0.22315
-0.221134
-0.230597
-0.193546
-0.216739
-0.193683
-0.206462
-0.200026
-0.218702
-0.207791
-0.221296
-0.173901
-0.134162
-0.12501
-0.105469
$
-0.100061
#
0.684684
1.02798
1.19631
1.27948
1.32171
1.34021
1.34551
1.34486
1.35705
1.34653
1.3341
1.32945
1.32701
1.31463
1.3042
$
0.67193
#
0.264161
0.450367
0.557139
0.673044
$
0.327219
#
0.538288
0.763319
0.834407
0.939603
0.957992
1.03196
$
0.508128
#
0.706565
1.05988
1.23656
1.32509
1.36936
1.39135
1.40252
1.40816
1.41102
1.41252
1.41336
1.41378
1.414
$
0.706852
#
0.621238
0.944941
1.09333
1.16411
1.2079
1.23258
1.2105
1.20224
1.20218
1.19778
1.21087
1.18657
1.17035
1.1661
$
0.606314
#
0.705663
1.05855
1.23519
1.32317
1.36744
1.38914
1.40003
1.4062
1.40939
1.41109
1.41195
$
0.705898
#
0.704485
1.05629
1.23274
$
0.704378
#
0.706297
1.0601
1.23708
1.32444
1.36932
1.39158
1.40287
1.40834
1.41098
1.41085
1.41007
$
0.706454
#
0.697324
1.04534
1.22552
1.30668
1.34747
1.36841
1.38445
1.39234
1.39866
1.39713
1.40092
1.39965
1.40337
1.39682
1.40173
1.40156
1.40228
1.40517
1.40038
1.40254
1.40395
1.39248
1.3863
$
0.698843
